Triangle 1 (lat, lon):
 30.0,-180.0
30.0,-108.0
90.0,-144.0

Triangle 2:
 30.0,-108.0
30.0,-36.0
90.0,-72.0

Triangle 3:
 30.0,-36.0
30.0,36.0
90.0,0.0

Triangle 4:
 30.0,36.0
30.0,108.0
90.0,72.0

Triangle 5:
 30.0,108.0
30.0,180.0
90.0,144.0

Triangle 6:
 -30.0,-144.0
30.0,-108.0
30.0,-180.0

Triangle 7:
 -30.0,-144.0
-30.0,-72.0
30.0,-108.0

Triangle 8:
 -30.0,-72.0
30.0,-36.0
30.0,-108.0

Triangle 9:
 -30.0,-72.0
-30.0,0.0
30.0,-36.0

Triangle 10:
 -30.0,0.0
30.0,36.0
30.0,-36.0

Triangle 11:
 -30.0,0.0
-30.0,72.0
30.0,36.0

Triangle 12:
 -30.0,72.0
30.0,108.0
30.0,36.0

Triangle 13:
 -30.0,72.0
-30.0,144.0
30.0,108.0

Triangle 14:
 -30.0,144.0
30.0,180.0
30.0,108.0

Triangle 15:
 -30.0,144.0
-30.0,180.0
30.0,180.0

Triangle 16:
 -30.0,-180.0
-30.0,-144.0
30.0,-180.0

Triangle 17:
 -90.0,-108.0
-30.0,-72.0
-30.0,-144.0

Triangle 18:
 -90.0,-36.0
-30.0,0.0
-30.0,-72.0

Triangle 19:
 -90.0,36.0
-30.0,72.0
-30.0,0.0

Triangle 20:
 -90.0,108.0
-30.0,144.0
-30.0,72.0

Triangle 21:
 -30.0,180.0
-30.0,144.0
-90.0,180.0

Triangle 22:
 -30.0,-144.0
-30.0,-180.0
-90.0,-180.0

